-4 -0.00261042 -0.00400579 -0.0020876 -0.00463087 -0.00472352 -0.00375117 -0.00254134 -0.00221888 -0.0036756 -0.00369937 -0.00454733 -0.00385092 -0.00789946 -0.00568837 -0.0036412 -0.00334105 -0.00232711 -0.0038724 -0.00303138 -0.00735243 -0.00267701 -0.00272879 -0.00415154 -0.00426853 -0.00445168 -0.00685352 -0.00297859 -0.00265043 -0.00406096 -0.00324277 -0.00443152 -0.00261042 -4 -0.00233548 -0.00141735 -0.00225605 -0.00392533 -0.00232809 -0.00156974 -0.00158249 -0.00223313 -0.00218117 -0.0014478 -0.00173746 -0.00156862 -0.00195005 -0.00227268 -0.00284563 -0.00591295 -0.00272874 -0.00193525 -0.00175233 -0.00595741 -0.00352233 -0.00177858 -0.0032012 -0.0013532 -0.00260799 -0.00185245 -0.00183017 -0.00108193 -0.0022392 -0.00193657 -0.00400579 -0.00233548 -4 -0.00274488 -0.00498725 -0.0148713 -0.00571088 -0.0061997 -0.00252606 -0.00367319 -0.00437941 -0.00284638 -0.00489251 -0.00729026 -0.00587993 -0.0032539 -0.00472328 -0.00208695 -0.00378596 -0.004305 -0.00303059 -0.0028273 -0.00526505 -0.00193907 -0.00315643 -0.00541781 -0.00751458 -0.0026963 -0.00508678 -0.0037011 -0.00247341 -0.00470704 -0.0020876 -0.00141735 -0.00274488 -4 -0.0026043 -0.0025697 -0.00202932 -0.00193164 -0.0011824 -0.00235294 -0.00236046 -0.00203516 -0.00259479 -0.00198864 -0.00405441 -0.00416256 -0.0034777 -0.00159914 -0.00323755 -0.00227925 -0.00373621 -0.00140058 -0.00200825 -0.00263535 -0.00624214 -0.00454603 -0.00272497 -0.00324961 -0.00295913 -0.00300261 -0.00144767 -0.00169751 -0.00463087 -0.00225605 -0.00498725 -0.0026043 -4 -0.003073 -0.00397763 -0.0034878 -0.00174855 -0.00227561 -0.00245134 -0.00217712 -0.00188029 -0.00514869 -0.00385744 -0.00320739 -0.00653293 -0.00249092 -0.00237346 -0.00301396 -0.00367586 -0.00185737 -0.00282492 -0.00216746 -0.0030036 -0.00460794 -0.0040819 -0.00221896 -0.00634762 -0.00407021 -0.00295774 -0.0029923 -0.00472352 -0.00392533 -0.0148713 -0.0025697 -0.003073 -4 -0.00389589 -0.00698367 -0.00273342 -0.00307327 -0.00497934 -0.00284048 -0.00518102 -0.00635899 -0.00419514 -0.00368566 -0.00328903 -0.00251584 -0.00496813 -0.00504683 -0.00341949 -0.0034557 -0.00318881 -0.00215318 -0.00408938 -0.00474563 -0.0104831 -0.00209945 -0.00355023 -0.00328202 -0.00292704 -0.00459867 -0.00375117 -0.00232809 -0.00571088 -0.00202932 -0.00397763 -0.00389589 -4 -0.00285909 -0.00259866 -0.00192144 -0.00428731 -0.00605852 -0.0042673 -0.00408064 -0.00399689 -0.00343469 -0.00314906 -0.0021363 -0.00278666 -0.00275501 -0.00250131 -0.00376198 -0.00289712 -0.00196965 -0.00567507 -0.00155148 -0.00406319 -0.00264964 -0.0026852 -0.00472168 -0.00201596 -0.00636973 -0.00254134 -0.00156974 -0.0061997 -0.00193164 -0.0034878 -0.00698367 -0.00285909 -4 -0.00180915 -0.00224938 -0.00310849 -0.00225852 -0.00301063 -0.00672257 -0.00326415 -0.00226977 -0.0028577 -0.00197285 -0.00446181 -0.00731649 -0.00247422 -0.0020276 -0.00204547 -0.00145788 -0.00252524 -0.00309645 -0.00810145 -0.0015916 -0.003733 -0.0025959 -0.00224036 -0.00370227 -0.00221888 -0.00158249 -0.00252606 -0.0011824 -0.00174855 -0.00273342 -0.00259866 -0.00180915 -4 -0.00111675 -0.00197564 -0.00241294 -0.00311766 -0.00257442 -0.00300982 -0.00263856 -0.00152239 -0.00264697 -0.00248595 -0.00208913 -0.0024774 -0.00314249 -0.00138469 -0.00161639 -0.0016861 -0.00153073 -0.0017009 -0.00133482 -0.00171419 -0.00191759 -0.00205197 -0.00242221 -0.0036756 -0.00223313 -0.00367319 -0.00235294 -0.00227561 -0.00307327 -0.00192144 -0.00224938 -0.00111675 -4 -0.00365008 -0.00225886 -0.00234571 -0.00313015 -0.00390984 -0.00254329 -0.00513343 -0.00160496 -0.00222405 -0.00167482 -0.00322985 -0.00192726 -0.00236114 -0.00219392 -0.00290023 -0.00337063 -0.00221867 -0.00569231 -0.0020614 -0.00160909 -0.00206586 -0.00186961 -0.00369937 -0.00218117 -0.00437941 -0.00236046 -0.00245134 -0.00497934 -0.00428731 -0.00310849 -0.00197564 -0.00365008 -4 -0.00368369 -0.0045229 -0.00528155 -0.00264213 -0.00434276 -0.00336962 -0.00175408 -0.00285717 -0.00230106 -0.00285156 -0.00364896 -0.00331848 -0.00166846 -0.00311347 -0.0037332 -0.00446991 -0.00290699 -0.00339413 -0.00215226 -0.00216215 -0.00645105 -0.00454733 -0.0014478 -0.00284638 -0.00203516 -0.00217712 -0.00284048 -0.00605852 -0.00225852 -0.00241294 -0.00225886 -0.00368369 -4 -0.00329997 -0.00457436 -0.00301594 -0.00315669 -0.00188286 -0.00169674 -0.00354757 -0.00234233 -0.00417928 -0.00197713 -0.00161412 -0.00351075 -0.00244437 -0.00245873 -0.00314508 -0.00290443 -0.00247632 -0.00212861 -0.00158237 -0.00382407 -0.00385092 -0.00173746 -0.00489251 -0.00259479 -0.00188029 -0.00518102 -0.0042673 -0.00301063 -0.00311766 -0.00234571 -0.0045229 -0.00329997 -4 -0.0051329 -0.00590628 -0.00484283 -0.0018055 -0.00173415 -0.00331562 -0.00282457 -0.00380983 -0.00336028 -0.00259739 -0.00216402 -0.00433031 -0.00341264 -0.00402716 -0.00178319 -0.00203728 -0.0040766 -0.00123914 -0.00374352 -0.00789946 -0.00156862 -0.00729026 -0.00198864 -0.00514869 -0.00635899 -0.00408064 -0.00672257 -0.00257442 -0.00313015 -0.00528155 -0.00457436 -0.0051329 -4 -0.00644405 -0.0038804 -0.00288627 -0.00165009 -0.00412308 -0.00342914 -0.00554726 -0.00247067 -0.00170807 -0.00225254 -0.00264948 -0.00727459 -0.00761499 -0.00270832 -0.00485438 -0.00282591 -0.00184183 -0.00706662 -0.00568837 -0.00195005 -0.00587993 -0.00405441 -0.00385744 -0.00419514 -0.00399689 -0.00326415 -0.00300982 -0.00390984 -0.00264213 -0.00301594 -0.00590628 -0.00644405 -4 -0.00359251 -0.00330669 -0.00187567 -0.00359585 -0.00277002 -0.00669405 -0.00233307 -0.00163421 -0.00205131 -0.00475287 -0.00589436 -0.00322721 -0.0029741 -0.00290321 -0.00314688 -0.00161512 -0.0033055 -0.0036412 -0.00227268 -0.0032539 -0.00416256 -0.00320739 -0.00368566 -0.00343469 -0.00226977 -0.00263856 -0.00254329 -0.00434276 -0.00315669 -0.00484283 -0.0038804 -0.00359251 -4 -0.00391108 -0.00370324 -0.00210932 -0.00291764 -0.00970953 -0.0022852 -0.00287296 -0.00348508 -0.00415316 -0.00563912 -0.00403376 -0.00426938 -0.00398406 -0.00296754 -0.0020829 -0.00275768 -0.00334105 -0.00284563 -0.00472328 -0.0034777 -0.00653293 -0.00328903 -0.00314906 -0.0028577 -0.00152239 -0.00513343 -0.00336962 -0.00188286 -0.0018055 -0.00288627 -0.00330669 -0.00391108 -4 -0.00266229 -0.00348215 -0.00267299 -0.00312352 -0.00241803 -0.00263266 -0.0027166 -0.00367237 -0.00526215 -0.00382181 -0.00422125 -0.00390279 -0.00270046 -0.00265109 -0.00174607 -0.00232711 -0.00591295 -0.00208695 -0.00159914 -0.00249092 -0.00251584 -0.0021363 -0.00197285 -0.00264697 -0.00160496 -0.00175408 -0.00169674 -0.00173415 -0.00165009 -0.00187567 -0.00370324 -0.00266229 -4 -0.00250637 -0.00265614 -0.00239069 -0.00206894 -0.00278546 -0.00281314 -0.00273948 -0.00177282 -0.00198588 -0.00163802 -0.0015738 -0.00147741 -0.00217921 -0.00157302 -0.0038724 -0.00272874 -0.00378596 -0.00323755 -0.00237346 -0.00496813 -0.00278666 -0.00446181 -0.00248595 -0.00222405 -0.00285717 -0.00354757 -0.00331562 -0.00412308 -0.00359585 -0.00210932 -0.00348215 -0.00250637 -4 -0.00436217 -0.00241016 -0.00374372 -0.00187766 -0.00315394 -0.00370705 -0.00443368 -0.00498897 -0.00362106 -0.00366288 -0.00270463 -0.00275547 -0.0046452 -0.00303138 -0.00193525 -0.004305 -0.00227925 -0.00301396 -0.00504683 -0.00275501 -0.00731649 -0.00208913 -0.00167482 -0.00230106 -0.00234233 -0.00282457 -0.00342914 -0.00277002 -0.00291764 -0.00267299 -0.00265614 -0.00436217 -4 -0.00176014 -0.00266977 -0.00237915 -0.00189323 -0.00299168 -0.00385722 -0.00797573 -0.001667 -0.00312518 -0.00327001 -0.00159561 -0.00309261 -0.00735243 -0.00175233 -0.00303059 -0.00373621 -0.00367586 -0.00341949 -0.00250131 -0.00247422 -0.0024774 -0.00322985 -0.00285156 -0.00417928 -0.00380983 -0.00554726 -0.00669405 -0.00970953 -0.00312352 -0.00239069 -0.00241016 -0.00176014 -4 -0.00166473 -0.00266583 -0.00454355 -0.0027681 -0.0107476 -0.00355084 -0.00348836 -0.00227657 -0.00180317 -0.00317961 -0.0031962 -0.00267701 -0.00595741 -0.0028273 -0.00140058 -0.00185737 -0.0034557 -0.00376198 -0.0020276 -0.00314249 -0.00192726 -0.00364896 -0.00197713 -0.00336028 -0.00247067 -0.00233307 -0.0022852 -0.00241803 -0.00206894 -0.00374372 -0.00266977 -0.00166473 -4 -0.00271453 -0.00185906 -0.00472985 -0.00163322 -0.00280448 -0.00208971 -0.0016629 -0.00139379 -0.00140114 -0.00221329 -0.00272879 -0.00352233 -0.00526505 -0.00200825 -0.00282492 -0.00318881 -0.00289712 -0.00204547 -0.00138469 -0.00236114 -0.00331848 -0.00161412 -0.00259739 -0.00170807 -0.00163421 -0.00287296 -0.00263266 -0.00278546 -0.00187766 -0.00237915 -0.00266583 -0.00271453 -4 -0.00167063 -0.00334251 -0.00222406 -0.00309604 -0.00160229 -0.00152066 -0.0015187 -0.00250311 -0.0021839 -0.00415154 -0.00177858 -0.00193907 -0.00263535 -0.00216746 -0.00215318 -0.00196965 -0.00145788 -0.00161639 -0.00219392 -0.00166846 -0.00351075 -0.00216402 -0.00225254 -0.00205131 -0.00348508 -0.0027166 -0.00281314 -0.00315394 -0.00189323 -0.00454355 -0.00185906 -0.00167063 -4 -0.00287674 -0.00320755 -0.00339879 -0.00321558 -0.00133194 -0.001653 -0.00148429 -0.00161566 -0.00426853 -0.0032012 -0.00315643 -0.00624214 -0.0030036 -0.00408938 -0.00567507 -0.00252524 -0.0016861 -0.00290023 -0.00311347 -0.00244437 -0.00433031 -0.00264948 -0.00475287 -0.00415316 -0.00367237 -0.00273948 -0.00370705 -0.00299168 -0.0027681 -0.00472985 -0.00334251 -0.00287674 -4 -0.00212824 -0.00317744 -0.00289832 -0.00181152 -0.00389741 -0.00166245 -0.00167839 -0.00445168 -0.0013532 -0.00541781 -0.00454603 -0.00460794 -0.00474563 -0.00155148 -0.00309645 -0.00153073 -0.00337063 -0.0037332 -0.00245873 -0.00341264 -0.00727459 -0.00589436 -0.00563912 -0.00526215 -0.00177282 -0.00443368 -0.00385722 -0.0107476 -0.00163322 -0.00222406 -0.00320755 -0.00212824 -4 -0.0051904 -0.00339853 -0.0037826 -0.00230138 -0.00226305 -0.00327175 -0.00685352 -0.00260799 -0.00751458 -0.00272497 -0.0040819 -0.0104831 -0.00406319 -0.00810145 -0.0017009 -0.00221867 -0.00446991 -0.00314508 -0.00402716 -0.00761499 -0.00322721 -0.00403376 -0.00382181 -0.00198588 -0.00498897 -0.00797573 -0.00355084 -0.00280448 -0.00309604 -0.00339879 -0.00317744 -0.0051904 -4 -0.00258241 -0.00292869 -0.00326681 -0.00191493 -0.00438559 -0.00297859 -0.00185245 -0.0026963 -0.00324961 -0.00221896 -0.00209945 -0.00264964 -0.0015916 -0.00133482 -0.00569231 -0.00290699 -0.00290443 -0.00178319 -0.00270832 -0.0029741 -0.00426938 -0.00422125 -0.00163802 -0.00362106 -0.001667 -0.00348836 -0.00208971 -0.00160229 -0.00321558 -0.00289832 -0.00339853 -0.00258241 -4 -0.00305324 -0.0015211 -0.0028985 -0.00214313 -0.00265043 -0.00183017 -0.00508678 -0.00295913 -0.00634762 -0.00355023 -0.0026852 -0.003733 -0.00171419 -0.0020614 -0.00339413 -0.00247632 -0.00203728 -0.00485438 -0.00290321 -0.00398406 -0.00390279 -0.0015738 -0.00366288 -0.00312518 -0.00227657 -0.0016629 -0.00152066 -0.00133194 -0.00181152 -0.0037826 -0.00292869 -0.00305324 -4 -0.00263661 -0.00191609 -0.003247 -0.00406096 -0.00108193 -0.0037011 -0.00300261 -0.00407021 -0.00328202 -0.00472168 -0.0025959 -0.00191759 -0.00160909 -0.00215226 -0.00212861 -0.0040766 -0.00282591 -0.00314688 -0.00296754 -0.00270046 -0.00147741 -0.00270463 -0.00327001 -0.00180317 -0.00139379 -0.0015187 -0.001653 -0.00389741 -0.00230138 -0.00326681 -0.0015211 -0.00263661 -4 -0.00189046 -0.00329429 -0.00324277 -0.0022392 -0.00247341 -0.00144767 -0.00295774 -0.00292704 -0.00201596 -0.00224036 -0.00205197 -0.00206586 -0.00216215 -0.00158237 -0.00123914 -0.00184183 -0.00161512 -0.0020829 -0.00265109 -0.00217921 -0.00275547 -0.00159561 -0.00317961 -0.00140114 -0.00250311 -0.00148429 -0.00166245 -0.00226305 -0.00191493 -0.0028985 -0.00191609 -0.00189046 -4 -0.00338942 -0.00443152 -0.00193657 -0.00470704 -0.00169751 -0.0029923 -0.00459867 -0.00636973 -0.00370227 -0.00242221 -0.00186961 -0.00645105 -0.00382407 -0.00374352 -0.00706662 -0.0033055 -0.00275768 -0.00174607 -0.00157302 -0.0046452 -0.00309261 -0.0031962 -0.00221329 -0.0021839 -0.00161566 -0.00167839 -0.00327175 -0.00438559 -0.00214313 -0.003247 -0.00329429 -0.00338942 -4 