-1.75647e-05 0.000513207 0.000519144 0.000510575 0.000521458 0.000521787 0.00051815 0.000512876 0.000511265 0.000517848 0.000517943 0.000521158 0.000518543 0.000531565 0.000525038 -0.000458853 0.000516473 0.000511818 0.000518627 0.000515138 -0.000446515 0.000513522 0.000513765 0.000519699 0.000520137 0.000520812 0.000528612 0.000514903 -0.000463166 0.000519355 0.000516057 0.000520738 0.000513207 -1.75647e-05 0.00051186 0.000506655 0.000511456 0.000518833 0.000511823 0.000507617 -0.000468867 -0.000465224 0.000511069 0.000506851 0.000508622 0.00050761 0.000509829 0.000511541 -0.000462259 -0.000450808 0.000513765 0.000509748 0.000508709 -0.000450668 -0.000459336 0.000508861 -0.000460684 0.000506235 0.000513195 0.000509284 0.000509157 0.000504336 -0.000465193 0.000509755 0.000519144 0.00051186 -1.75647e-05 0.00051384 0.000522707 0.000547533 0.000525111 0.000526648 0.000512802 0.000517838 0.000520547 0.000514307 0.000522379 -0.000446691 0.00052565 0.000516104 0.000521786 0.000510572 0.000518287 -0.00045629 0.000515134 0.00051422 0.000523649 0.000509769 0.000515685 0.000524157 -0.00044606 0.000513613 0.000523047 0.00051795 0.000512545 0.000521729 0.000510575 0.000506655 0.00051384 -1.75647e-05 0.000513178 0.000513012 0.000510262 0.000509728 0.000505065 0.000511948 0.000511986 0.000510294 -0.00046343 0.000510041 0.00051933 0.000519741 0.000517043 0.000507797 0.000516034 0.000511575 0.00051809 0.000506546 0.000510148 -0.000463237 0.000526779 0.000521154 0.000513747 0.000516086 0.000514817 0.00051501 0.000506851 0.000508387 0.000521458 0.000511456 0.000522707 0.000513178 -1.75647e-05 0.000515321 0.000519036 0.000517084 0.000508687 0.000511556 0.000512437 0.000511048 0.000509441 0.000523258 0.000518569 0.000515905 0.000527662 0.000512631 0.000512051 0.000515061 0.000517849 0.000509312 0.000514209 0.000510997 0.000515015 0.000521376 0.000519435 0.000511265 0.000527101 0.000519391 0.00051481 0.000514965 0.000521787 0.000518833 0.000547533 0.000513012 0.000515321 -1.75647e-05 0.000518719 0.000528991 0.000513786 0.000515322 0.000522679 0.00051428 0.000523367 0.000527136 0.000519863 0.000517888 0.000516254 0.000512752 -0.000453922 0.000522911 0.000516802 0.000516952 0.000515825 0.000510922 0.000519464 0.000521865 0.000538101 0.000510639 0.000517341 0.000516224 0.000514673 0.000521343 0.00051815 0.000511823 0.000525111 0.000510262 0.000519036 0.000518719 -1.75647e-05 0.000514365 0.000513151 0.000509671 -0.000456355 -0.000450352 0.000520133 0.00051943 0.00051911 0.000516865 0.000515653 0.000510834 0.000514033 0.000513887 0.000512681 0.000518192 0.000514538 0.000509937 0.000524996 0.000507504 0.000519364 0.000513393 0.000513561 0.000521781 0.00051019 -0.000449394 0.000512876 0.000507617 0.000526648 0.000509728 0.000517084 0.000528991 0.000514365 -1.75647e-05 0.000509037 0.000511422 0.000515477 0.000511469 0.000515046 0.000528227 0.000516148 0.000511526 0.000514359 0.000509955 0.000520848 0.000529946 0.000512549 0.000510253 0.00051035 0.000506916 0.000512798 0.000515424 0.000532112 0.000507751 0.000518077 0.000513138 0.000511376 0.000517955 0.000511265 -0.000468867 0.000512802 0.000505065 0.000508687 0.000513786 0.000513151 0.000509037 -1.75647e-05 -0.00047197 0.00050997 0.000512247 0.000515517 0.000513035 0.000515042 0.000513341 -0.000469239 -0.000463182 0.000512606 0.000510584 0.000512565 -0.000460938 -0.00047012 0.000507902 -0.000468243 0.000507375 0.000508407 0.000506113 0.000508486 0.00050965 -0.000466178 0.000512293 0.000517848 -0.000465224 0.000517838 0.000511948 0.000511556 0.000515322 0.000509671 0.000511422 -0.00047197 -1.75647e-05 0.000517745 0.000511471 0.000511911 0.000515571 0.000518773 0.000512885 -0.000453357 -0.00046873 0.000511291 0.000508253 0.000516001 -0.000466859 -0.000464574 0.000511135 -0.000462011 0.000516598 0.000511264 0.000525051 0.000510435 0.000507857 -0.000466103 0.000509381 0.000517943 0.000511069 0.000520547 0.000511986 0.000512437 0.000522679 -0.000456355 0.000515477 0.00050997 0.000517745 -1.75647e-05 -0.000458682 0.00052107 0.000523704 0.000513358 0.000520412 0.000516593 0.000508719 0.000514356 0.000511686 0.000514331 0.000517741 0.000516378 0.000508215 0.000515498 0.000518078 0.000520878 0.000514582 0.000516696 0.000510918 0.000510969 -0.000449147 0.000521158 0.000506851 0.000514307 0.000510294 0.000511048 0.00051428 -0.000450352 0.000511469 0.000512247 0.000511471 -0.000458682 -1.75647e-05 0.0005163 0.000521255 0.00051507 0.000515686 0.000509455 0.000508383 0.00051733 0.000511894 0.000519803 0.000509978 0.000507888 0.000517179 0.000512403 0.000512473 0.000515636 0.000514571 0.000512559 0.000510793 0.000507694 -0.000458125 0.000518543 0.000508622 0.000522379 -0.00046343 0.000509441 0.000523367 0.000520133 0.000515046 0.000515517 0.000511911 0.00052107 0.0005163 -1.75647e-05 0.000523204 0.000525733 0.000522206 0.000509016 0.000508603 0.000516366 0.000514207 0.000518382 0.000516554 0.000513145 -0.000465583 0.000520366 0.000516773 0.000519226 0.000508888 0.000510305 0.000519415 0.000505462 0.000518119 0.000531565 0.00050761 -0.000446691 0.000510041 0.000523258 0.000527136 0.00051943 0.000528227 0.000513035 0.000515571 0.000523704 0.000521255 0.000523204 -1.75647e-05 0.000527394 0.000518658 0.000514488 0.000508105 0.000519591 -0.000459721 0.000524581 0.000512532 0.00050845 0.000511438 0.000513392 0.000529827 -0.00044578 0.000513669 0.000522247 0.000514214 0.000509224 0.000529231 0.000525038 0.000509829 0.00052565 0.00051933 0.000518569 0.000519863 0.00051911 0.000516148 0.000515042 0.000518773 0.000513358 0.00051507 0.000525733 0.000527394 -1.75647e-05 0.000517513 0.000516328 0.000509415 0.000517526 0.000513956 0.000528142 0.000511848 0.000508009 0.000510381 0.000521891 -0.000450867 0.00051599 0.000514883 0.000514565 0.000515644 0.000507894 0.000516323 -0.000458853 0.000511541 0.000516104 0.000519741 0.000515905 0.000517888 0.000516865 0.000511526 0.000513341 0.000512885 0.000520412 0.000515686 0.000522206 0.000518658 0.000517513 -1.75647e-05 0.000518778 0.000517959 0.000510691 0.00051463 -0.000440323 0.000511605 0.000514428 0.000517073 0.000519705 0.000524879 0.000519251 0.00052014 -0.000457502 0.000514854 0.00051055 0.000513899 0.000516473 -0.000462259 0.000521786 0.000517043 0.000527662 0.000516254 0.000515653 0.000514359 -0.000469239 -0.000453357 0.000516593 0.000509455 0.000509016 0.000514488 0.000516328 0.000518778 -1.75647e-05 -0.00046311 0.000517061 0.000513503 0.000515542 -0.00046429 -0.00046325 0.000513708 -0.000458728 0.00052364 0.000518429 0.000519961 0.000518746 0.000513632 -0.000463162 0.000508673 0.000511818 -0.000450808 0.000510572 0.000507797 0.000512631 0.000512752 0.000510834 0.000509955 -0.000463182 -0.00046873 0.000508719 0.000508383 0.000508603 0.000508105 0.000509415 0.000517959 -0.00046311 -1.75647e-05 0.000512706 0.000513424 0.000512137 -0.000466087 -0.000462535 0.000514155 -0.000462748 0.000508828 0.000510026 0.000508032 0.000507642 0.00050704 -0.000465504 0.000507637 0.000518627 0.000513765 0.000518287 0.000516034 0.000512051 -0.000453922 0.000514033 0.000520848 0.000512606 0.000511291 0.000514356 0.00051733 0.000516366 0.000519591 0.000517526 0.000510691 0.000517061 0.000512706 -1.75647e-05 0.000520484 0.000512233 0.00051812 0.000509426 0.000515674 0.000517974 0.000520746 0.000522713 0.000517628 0.000517797 0.000513652 0.000513889 0.000521509 0.000515138 0.000509748 -0.00045629 0.000511575 0.000515061 0.000522911 0.000513887 0.000529946 0.000510584 0.000508253 0.000511686 0.000511894 0.000514207 -0.000459721 0.000513956 0.00051463 0.000513503 0.000513424 0.000520484 -1.75647e-05 0.000508755 0.000513488 0.000512079 0.000509514 0.000514962 0.000518568 -0.00044479 0.000508206 0.000515549 0.000516173 0.000507775 0.000515407 -0.000446515 0.000508709 0.000515134 0.00051809 0.000517849 0.000516802 0.000512681 0.000512549 0.000512565 0.000516001 0.000514331 0.000519803 0.000518382 0.000524581 0.000528142 -0.000440323 0.000515542 0.000512137 0.000512233 0.000508755 -1.75647e-05 0.000508193 0.00051347 0.000521145 0.000513947 0.000538721 0.000517343 0.000517087 -0.000465001 0.000509003 0.000515785 0.000515857 0.000513522 -0.000450668 0.00051422 0.000506546 0.000509312 0.000516952 0.000518192 0.000510253 -0.000460938 -0.000466859 0.000517741 0.000509978 0.000516554 0.000512532 0.000511848 0.000511605 -0.00046429 -0.000466087 0.00051812 0.000513488 0.000508193 -1.75647e-05 -0.000462864 0.000509321 -0.000454753 0.000508003 0.000514115 0.000510587 0.000508182 0.000506502 -0.000470013 0.000511236 0.000513765 -0.000459336 0.000523649 0.000510148 0.000514209 0.000515825 0.000514538 0.00051035 -0.00047012 -0.000464574 0.000516378 0.000507888 0.000513145 0.00050845 0.000508009 0.000514428 -0.00046325 -0.000462535 0.000509426 0.000512079 0.00051347 -0.000462864 -1.75647e-05 0.000508228 -0.000460083 0.000511291 0.000515422 0.000507816 0.000507312 0.0005073 -0.000463872 0.000511083 0.000519699 0.000508861 0.000509769 -0.000463237 0.000510997 0.000510922 0.000509937 0.000506916 0.000507902 0.000511135 0.000508215 0.000517179 -0.000465583 0.000511438 0.000510381 0.000517073 0.000513708 0.000514155 0.000515674 0.000509514 0.000521145 0.000509321 0.000508228 -1.75647e-05 0.000514445 0.000515906 0.000516715 0.00051594 0.000506094 0.000508122 0.000507084 0.000507897 0.000520137 -0.000460684 0.000515685 0.000526779 0.000515015 0.000519464 0.000524996 0.000512798 -0.000468243 -0.000462011 0.000515498 0.000512403 0.000520366 0.000513392 0.000521891 0.000519705 -0.000458728 -0.000462748 0.000517974 0.000514962 0.000513947 -0.000454753 -0.000460083 0.000514445 -1.75647e-05 0.000510791 0.000515776 0.000514543 0.000509051 0.000518725 -0.000468383 0.000508274 0.000520812 0.000506235 0.000524157 0.000521154 0.000521376 0.000521865 0.000507504 0.000515424 0.000507375 0.000516598 0.000518078 0.000512473 0.000516773 0.000529827 -0.000450867 0.000524879 0.00052364 0.000508828 0.000520746 0.000518568 0.000538721 0.000508003 0.000511291 0.000515906 0.000510791 -1.75647e-05 0.000523398 0.000516714 0.000518274 0.000511687 0.000511492 0.00051618 0.000528612 0.000513195 -0.00044606 0.000513747 0.000519435 0.000538101 0.000519364 0.000532112 0.000508407 0.000511264 0.000520878 0.000515636 0.000519226 -0.00044578 0.00051599 0.000519251 0.000518429 0.000510026 0.000522713 -0.00044479 0.000517343 0.000514115 0.000515422 0.000516715 0.000515776 0.000523398 -1.75647e-05 0.000513073 0.00051468 0.000516159 0.000509635 0.00052057 0.000514903 0.000509284 0.000513613 0.000516086 0.000511265 0.000510639 0.000513393 0.000507751 0.000506113 0.000525051 0.000514582 0.000514571 0.000508888 0.000513669 0.000514883 0.00052014 0.000519961 0.000508032 0.000517628 0.000508206 0.000517087 0.000510587 0.000507816 0.00051594 0.000514543 0.000516714 0.000513073 -1.75647e-05 0.000515234 0.000507315 0.000514544 0.00051087 -0.000463166 0.000509157 0.000523047 0.000514817 0.000527101 0.000517341 0.000513561 0.000518077 0.000508486 0.000510435 0.000516696 0.000512559 0.000510305 0.000522247 0.000514565 -0.000457502 0.000518746 0.000507642 0.000517797 0.000515549 -0.000465001 0.000508182 0.000507312 0.000506094 0.000509051 0.000518274 0.00051468 0.000515234 -1.75647e-05 0.000513331 0.000509641 0.000516075 0.000519355 0.000504336 0.00051795 0.00051501 0.000519391 0.000516224 0.000521781 0.000513138 0.00050965 0.000507857 0.000510918 0.000510793 0.000519415 0.000514214 0.000515644 0.000514854 0.000513632 0.00050704 0.000513652 0.000516173 0.000509003 0.000506502 0.0005073 0.000508122 0.000518725 0.000511687 0.000516159 0.000507315 0.000513331 -1.75647e-05 0.000509498 0.000516276 0.000516057 -0.000465193 0.000512545 0.000506851 0.00051481 0.000514673 0.00051019 0.000511376 -0.000466178 -0.000466103 0.000510969 0.000507694 0.000505462 0.000509224 0.000507894 0.00051055 -0.000463162 -0.000465504 0.000513889 0.000507775 0.000515785 -0.000470013 -0.000463872 0.000507084 -0.000468383 0.000511492 0.000509635 0.000514544 0.000509641 0.000509498 -1.75647e-05 0.000516676 0.000520738 0.000509755 0.000521729 0.000508387 0.000514965 0.000521343 -0.000449394 0.000517955 0.000512293 0.000509381 -0.000449147 -0.000458125 0.000518119 0.000529231 0.000516323 0.000513899 0.000508673 0.000507637 0.000521509 0.000515407 0.000515857 0.000511236 0.000511083 0.000507897 0.000508274 0.00051618 0.00052057 0.00051087 0.000516075 0.000516276 0.000516676 -1.75647e-05 