4 0.102185 0.126583 0.0913805 0.136101 0.137456 0.122494 0.100823 0.09421 0.121253 0.121645 0.134868 0.124112 0.177758 0.150843 0.120685 0.115604 0.0964803 0.124457 0.110116 0.171493 0.10348 0.104476 0.128865 0.130668 0.133442 0.165572 0.109153 0.102965 0.127451 0.113891 0.133139 0.102185 4 0.0966536 0.0752953 0.0949958 0.125305 0.0965005 0.0792399 0.0795611 0.094512 0.0934059 0.0761 0.0833657 0.0792117 0.0883187 0.0953453 0.106689 0.153791 0.104475 0.087983 0.0837216 0.154368 0.118698 0.0843465 0.113158 0.0735716 0.102137 0.0860803 0.0855611 0.0657853 0.0946405 0.088013 0.126583 0.0966536 4 0.104783 0.141241 0.243896 0.151141 0.157476 0.10052 0.121214 0.132354 0.106703 0.139893 0.170766 0.153361 0.114086 0.137452 0.0913663 0.12306 0.131225 0.110102 0.106345 0.145121 0.0880696 0.112364 0.147212 0.173373 0.103852 0.142643 0.121673 0.0994668 0.137216 0.0913805 0.0752953 0.104783 4 0.102065 0.101384 0.090096 0.0879009 0.0687721 0.0970142 0.0971692 0.0902255 0.101878 0.0891884 0.127348 0.129036 0.117944 0.0799784 0.113799 0.095483 0.122249 0.0748486 0.089627 0.102671 0.158014 0.134848 0.104402 0.114011 0.108796 0.109592 0.0760966 0.0824018 0.136101 0.0949958 0.141241 0.102065 4 0.110869 0.126137 0.118115 0.0836313 0.0954067 0.099022 0.0933192 0.0867247 0.143509 0.124217 0.113268 0.161653 0.0998183 0.0974363 0.109799 0.121258 0.0861944 0.1063 0.0931119 0.10961 0.135764 0.12778 0.0942117 0.159344 0.127596 0.10877 0.109404 0.137456 0.125305 0.243896 0.101384 0.110869 4 0.124834 0.167137 0.104564 0.110874 0.141129 0.106592 0.143959 0.159487 0.12954 0.121419 0.1147 0.100316 0.14097 0.142082 0.116953 0.11757 0.112939 0.0928047 0.127897 0.137777 0.204774 0.0916394 0.119168 0.114578 0.108204 0.135627 0.122494 0.0965005 0.151141 0.090096 0.126137 0.124834 4 0.106941 0.101954 0.0876685 0.130955 0.155673 0.130649 0.12776 0.126442 0.117212 0.112233 0.0924403 0.105578 0.104976 0.100026 0.12267 0.10765 0.0887616 0.150666 0.0787776 0.127486 0.102949 0.103638 0.137429 0.0897989 0.159621 0.100823 0.0792399 0.157476 0.0879009 0.118115 0.167137 0.106941 4 0.0850682 0.0948552 0.111508 0.0950479 0.109738 0.163983 0.114265 0.0952841 0.106915 0.0888336 0.133594 0.171073 0.0994831 0.0900577 0.0904538 0.0763645 0.100504 0.111292 0.180016 0.0797897 0.122197 0.1019 0.094665 0.121693 0.09421 0.0795611 0.10052 0.0687721 0.0836313 0.104564 0.101954 0.0850682 4 0.0668357 0.0888963 0.0982434 0.111672 0.101477 0.109724 0.102734 0.0780357 0.102897 0.0997186 0.0914139 0.0995469 0.112116 0.0744228 0.0804088 0.0821244 0.0782492 0.0824839 0.0730703 0.0828055 0.0875805 0.0905973 0.098432 0.121253 0.094512 0.121214 0.0970142 0.0954067 0.110874 0.0876685 0.0948552 0.0668357 4 0.120832 0.0950549 0.096865 0.111896 0.125057 0.100862 0.143296 0.0801239 0.0943197 0.0818491 0.113664 0.087801 0.0971831 0.0936785 0.107708 0.116114 0.0942055 0.150895 0.0908052 0.0802268 0.0909035 0.0864779 0.121645 0.0934059 0.132354 0.0971692 0.099022 0.141129 0.130955 0.111508 0.0888963 0.120832 4 0.121387 0.134505 0.145349 0.102803 0.131799 0.116097 0.0837635 0.106905 0.0959387 0.1068 0.120813 0.115212 0.0816935 0.111597 0.1222 0.133715 0.107833 0.116518 0.0927849 0.0929979 0.160637 0.134868 0.0761 0.106703 0.0902255 0.0933192 0.106592 0.155673 0.0950479 0.0982434 0.0950549 0.121387 4 0.114891 0.135268 0.109835 0.112369 0.086784 0.082383 0.119123 0.0967953 0.129295 0.0889298 0.0803523 0.118503 0.0988811 0.0991711 0.112162 0.107786 0.0995253 0.0922736 0.0795581 0.123678 0.124112 0.0833657 0.139893 0.101878 0.0867247 0.143959 0.130649 0.109738 0.111672 0.096865 0.134505 0.114891 4 0.143289 0.153705 0.139181 0.0849823 0.0832863 0.115163 0.106293 0.123448 0.115936 0.101929 0.0930381 0.13161 0.116836 0.12692 0.0844556 0.0902724 0.127696 0.0704027 0.122369 0.177758 0.0792117 0.170766 0.0891884 0.143509 0.159487 0.12776 0.163983 0.101477 0.111896 0.145349 0.135268 0.143289 4 0.16055 0.124586 0.107448 0.0812425 0.128422 0.117118 0.14896 0.0994116 0.0826575 0.094922 0.102946 0.170582 0.174528 0.104083 0.139347 0.106319 0.0858331 0.168126 0.150843 0.0883187 0.153361 0.127348 0.124217 0.12954 0.126442 0.114265 0.109724 0.125057 0.102803 0.109835 0.153705 0.16055 4 0.119875 0.115008 0.0866181 0.119931 0.105262 0.163634 0.0966037 0.0808506 0.0905828 0.137882 0.153549 0.113617 0.109071 0.107763 0.112194 0.080377 0.114987 0.120685 0.0953453 0.114086 0.129036 0.113268 0.121419 0.117212 0.0952841 0.102734 0.100862 0.131799 0.112369 0.139181 0.124586 0.119875 4 0.125077 0.121709 0.0918546 0.10803 0.197074 0.0956076 0.1072 0.118069 0.12889 0.150188 0.127024 0.130681 0.126239 0.10895 0.0912777 0.105027 0.115604 0.106689 0.137452 0.117944 0.161653 0.1147 0.112233 0.106915 0.0780357 0.143296 0.116097 0.086784 0.0849823 0.107448 0.115008 0.125077 4 0.103195 0.118019 0.103402 0.111777 0.098347 0.102619 0.104242 0.1212 0.145081 0.123642 0.129942 0.124945 0.103932 0.102977 0.0835721 0.0964803 0.153791 0.0913663 0.0799784 0.0998183 0.100316 0.0924403 0.0888336 0.102897 0.0801239 0.0837635 0.082383 0.0832863 0.0812425 0.0866181 0.121709 0.103195 4 0.100127 0.103076 0.0977895 0.0909712 0.105555 0.106078 0.10468 0.0842097 0.0891265 0.0809449 0.0793422 0.0768742 0.093364 0.0793227 0.124457 0.104475 0.12306 0.113799 0.0974363 0.14097 0.105578 0.133594 0.0997186 0.0943197 0.106905 0.119123 0.115163 0.128422 0.119931 0.0918546 0.118019 0.100127 4 0.132093 0.0981868 0.122372 0.086664 0.11232 0.121771 0.133172 0.141265 0.12035 0.121043 0.104012 0.104985 0.136311 0.110116 0.087983 0.131225 0.095483 0.109799 0.142082 0.104976 0.171073 0.0914139 0.0818491 0.0959387 0.0967953 0.106293 0.117118 0.105262 0.10803 0.103402 0.103076 0.132093 4 0.0839081 0.10334 0.0975531 0.0870226 0.109393 0.124213 0.178614 0.0816577 0.111807 0.114368 0.0798902 0.111222 0.171493 0.0837216 0.110102 0.122249 0.121258 0.116953 0.100026 0.0994831 0.0995469 0.113664 0.1068 0.129295 0.123448 0.14896 0.163634 0.197074 0.111777 0.0977895 0.0981868 0.0839081 4 0.0816022 0.103263 0.134812 0.105225 0.207341 0.119178 0.118125 0.0954268 0.0849275 0.112776 0.11307 0.10348 0.154368 0.106345 0.0748486 0.0861944 0.11757 0.12267 0.0900577 0.112116 0.087801 0.120813 0.0889298 0.115936 0.0994116 0.0966037 0.0956076 0.098347 0.0909712 0.122372 0.10334 0.0816022 4 0.104202 0.0862336 0.137548 0.0808262 0.105915 0.0914266 0.0815572 0.0746669 0.0748635 0.0940913 0.104476 0.118698 0.145121 0.089627 0.1063 0.112939 0.10765 0.0904538 0.0744228 0.0971831 0.115212 0.0803523 0.101929 0.0826575 0.0808506 0.1072 0.102619 0.105555 0.086664 0.0975531 0.103263 0.104202 4 0.0817468 0.115629 0.0943198 0.111284 0.0800573 0.0779912 0.0779411 0.100062 0.0934645 0.128865 0.0843465 0.0880696 0.102671 0.0931119 0.0928047 0.0887616 0.0763645 0.0804088 0.0936785 0.0816935 0.118503 0.0930381 0.094922 0.0905828 0.118069 0.104242 0.106078 0.11232 0.0870226 0.134812 0.0862336 0.0817468 4 0.107271 0.11327 0.116598 0.113412 0.0729916 0.0813142 0.077053 0.0803905 0.130668 0.113158 0.112364 0.158014 0.10961 0.127897 0.150666 0.100504 0.0821244 0.107708 0.111597 0.0988811 0.13161 0.102946 0.137882 0.12889 0.1212 0.10468 0.121771 0.109393 0.105225 0.137548 0.115629 0.107271 4 0.0922658 0.112738 0.107672 0.0851239 0.124859 0.0815463 0.0819363 0.133442 0.0735716 0.147212 0.134848 0.135764 0.137777 0.0787776 0.111292 0.0782492 0.116114 0.1222 0.0991711 0.116836 0.170582 0.153549 0.150188 0.145081 0.0842097 0.133172 0.124213 0.207341 0.0808262 0.0943198 0.11327 0.0922658 4 0.144089 0.116594 0.123006 0.0959454 0.095143 0.114399 0.165572 0.102137 0.173373 0.104402 0.12778 0.204774 0.127486 0.180016 0.0824839 0.0942055 0.133715 0.112162 0.12692 0.174528 0.113617 0.127024 0.123642 0.0891265 0.141265 0.178614 0.119178 0.105915 0.111284 0.116598 0.112738 0.144089 4 0.101635 0.108235 0.114312 0.0875199 0.132448 0.109153 0.0860803 0.103852 0.114011 0.0942117 0.0916394 0.102949 0.0797897 0.0730703 0.150895 0.107833 0.107786 0.0844556 0.104083 0.109071 0.130681 0.129942 0.0809449 0.12035 0.0816577 0.118125 0.0914266 0.0800573 0.113412 0.107672 0.116594 0.101635 4 0.110512 0.0780025 0.107676 0.0925879 0.102965 0.0855611 0.142643 0.108796 0.159344 0.119168 0.103638 0.122197 0.0828055 0.0908052 0.116518 0.0995253 0.0902724 0.139347 0.107763 0.126239 0.124945 0.0793422 0.121043 0.111807 0.0954268 0.0815572 0.0779912 0.0729916 0.0851239 0.123006 0.108235 0.110512 4 0.102696 0.0875463 0.113965 0.127451 0.0657853 0.121673 0.109592 0.127596 0.114578 0.137429 0.1019 0.0875805 0.0802268 0.0927849 0.0922736 0.127696 0.106319 0.112194 0.10895 0.103932 0.0768742 0.104012 0.114368 0.0849275 0.0746669 0.0779411 0.0813142 0.124859 0.0959454 0.114312 0.0780025 0.102696 4 0.0869588 0.114792 0.113891 0.0946405 0.0994668 0.0760966 0.10877 0.108204 0.0897989 0.094665 0.0905973 0.0909035 0.0929979 0.0795581 0.0704027 0.0858331 0.080377 0.0912777 0.102977 0.093364 0.104985 0.0798902 0.112776 0.0748635 0.100062 0.077053 0.0815463 0.095143 0.0875199 0.107676 0.0875463 0.0869588 4 0.116437 0.133139 0.088013 0.137216 0.0824018 0.109404 0.135627 0.159621 0.121693 0.098432 0.0864779 0.160637 0.123678 0.122369 0.168126 0.114987 0.105027 0.0835721 0.0793227 0.136311 0.111222 0.11307 0.0940913 0.0934645 0.0803905 0.0819363 0.114399 0.132448 0.0925879 0.113965 0.114792 0.116437 4 