0.0181499 0.745544 0.75844 0.739881 0.763511 0.764235 0.756268 0.744829 0.741361 0.755611 0.755818 0.762853 0.757127 0.785971 0.77141 0.634624 0.752619 0.74255 0.757311 0.74972 0.611073 0.746225 0.746749 0.759654 0.760614 0.762092 0.779356 0.749212 0.642989 0.758902 0.751713 0.761931 0.745544 0.0181499 0.742641 0.731503 0.741773 0.757761 0.742561 0.733552 0.654158 0.647007 0.74094 0.731921 0.735699 0.733537 0.738281 0.741956 0.641225 0.619205 0.746748 0.738106 0.735884 0.618939 0.635558 0.736209 0.638168 0.730609 0.745519 0.737113 0.736843 0.726581 0.646946 0.738122 0.75844 0.742641 0.0181499 0.746911 0.766259 0.822513 0.77157 0.774982 0.744669 0.75559 0.761512 0.747921 0.765538 0.611405 0.772765 0.751816 0.764233 0.739873 0.756569 0.629686 0.749713 0.747733 0.768338 0.738151 0.750907 0.769459 0.610213 0.746421 0.76701 0.755833 0.744117 0.764107 0.739881 0.731503 0.746911 0.0181499 0.745481 0.745124 0.739209 0.738063 0.728124 0.74283 0.742912 0.739277 0.643505 0.738735 0.758847 0.759745 0.753857 0.733936 0.751665 0.742028 0.756139 0.731272 0.738964 0.643129 0.775272 0.762843 0.74671 0.751777 0.749024 0.749444 0.731919 0.735197 0.763511 0.741773 0.766259 0.745481 0.0181499 0.750117 0.758203 0.753948 0.735837 0.741988 0.743883 0.740895 0.737449 0.767474 0.757183 0.751384 0.777237 0.744301 0.743052 0.749553 0.755613 0.737173 0.747709 0.740786 0.749453 0.763331 0.759077 0.741362 0.77599 0.758979 0.74901 0.749345 0.764235 0.757761 0.822513 0.745124 0.750117 0.0181499 0.757511 0.780203 0.746795 0.75012 0.766199 0.747863 0.767715 0.776067 0.760013 0.755699 0.752141 0.744563 0.625144 0.76671 0.753332 0.753659 0.75121 0.740626 0.759139 0.764407 0.800767 0.740016 0.754505 0.752076 0.748712 0.763258 0.756268 0.742561 0.77157 0.739209 0.758203 0.757511 0.0181499 0.748046 0.745423 0.737942 0.629812 0.618337 0.760604 0.759066 0.758365 0.75347 0.750837 0.740435 0.747329 0.747012 0.74441 0.756362 0.74842 0.738513 0.771315 0.733311 0.75892 0.745946 0.746308 0.764221 0.739054 0.616518 0.744829 0.733552 0.774982 0.738063 0.753948 0.780203 0.748046 0.0181499 0.736586 0.741699 0.750454 0.7418 0.749521 0.778496 0.751911 0.741924 0.748033 0.73855 0.762173 0.782337 0.744125 0.739189 0.739396 0.732058 0.744661 0.75034 0.787201 0.733838 0.756111 0.745395 0.741599 0.755843 0.741361 0.654158 0.744669 0.728124 0.735837 0.746795 0.745423 0.736586 0.0181499 0.660288 0.738583 0.743475 0.750541 0.745173 0.749513 0.745833 0.65489 0.643021 0.744249 0.739898 0.744159 0.63866 0.656628 0.73416 0.652928 0.733037 0.735239 0.73035 0.735407 0.737896 0.648874 0.743574 0.755611 0.647007 0.75559 0.74283 0.741988 0.75012 0.737942 0.741699 0.660288 0.0181499 0.755387 0.741804 0.742752 0.750659 0.75763 0.744849 0.624064 0.653887 0.741419 0.734909 0.751593 0.65021 0.645736 0.741083 0.640743 0.752889 0.741359 0.771438 0.73958 0.734065 0.648728 0.737321 0.755818 0.74094 0.761512 0.742912 0.743883 0.766199 0.629812 0.750454 0.738583 0.755387 0.0181499 0.634295 0.762659 0.76846 0.745869 0.761217 0.752879 0.735906 0.748028 0.742267 0.747972 0.755377 0.752412 0.734828 0.750502 0.756113 0.762238 0.748516 0.753102 0.740615 0.740727 0.616051 0.762853 0.731921 0.747921 0.739277 0.740895 0.747863 0.618337 0.7418 0.743475 0.741804 0.634295 0.0181499 0.752242 0.763067 0.749572 0.750909 0.73748 0.735187 0.754481 0.742716 0.759883 0.7386 0.73413 0.754153 0.743809 0.743962 0.7508 0.748492 0.744147 0.740348 0.733717 0.633219 0.757127 0.735699 0.765538 0.643505 0.737449 0.767715 0.760604 0.749521 0.750541 0.742752 0.762659 0.752242 0.0181499 0.767356 0.77295 0.765157 0.736541 0.735657 0.752386 0.747706 0.756775 0.752794 0.74541 0.64771 0.761116 0.75327 0.758619 0.736266 0.739302 0.759032 0.728968 0.756202 0.785971 0.733537 0.611405 0.738735 0.767474 0.776067 0.759066 0.778496 0.745173 0.750659 0.76846 0.763067 0.767356 0.0181499 0.776641 0.757379 0.748314 0.734593 0.759418 0.636302 0.770398 0.744088 0.73533 0.741734 0.745944 0.782071 0.609686 0.746542 0.765246 0.747719 0.736984 0.78074 0.77141 0.738281 0.772765 0.758847 0.757183 0.760013 0.758365 0.751911 0.749513 0.75763 0.745869 0.749572 0.77295 0.776641 0.0181499 0.75488 0.752303 0.737394 0.75491 0.747162 0.778308 0.742615 0.734389 0.739464 0.764463 0.619317 0.751568 0.749169 0.74848 0.750817 0.734143 0.752292 0.634624 0.741956 0.751816 0.759745 0.751384 0.755699 0.75347 0.741924 0.745833 0.744849 0.761217 0.750909 0.765157 0.757379 0.75488 0.0181499 0.75764 0.755852 0.740129 0.748621 0.599457 0.742093 0.748183 0.753923 0.759667 0.771058 0.758675 0.760621 0.632019 0.749105 0.739827 0.747039 0.752619 0.641225 0.764233 0.753857 0.777237 0.752141 0.750837 0.748033 0.65489 0.624064 0.752879 0.73748 0.736541 0.748314 0.752303 0.75764 0.0181499 0.64288 0.753897 0.746184 0.750597 0.645182 0.643153 0.746626 0.634382 0.768317 0.756878 0.760227 0.75757 0.746463 0.642983 0.735806 0.74255 0.619205 0.739873 0.733936 0.744301 0.744563 0.740435 0.73855 0.643021 0.653887 0.735906 0.735187 0.735657 0.734593 0.737394 0.755852 0.64288 0.0181499 0.744463 0.746013 0.743237 0.648696 0.641762 0.747592 0.642176 0.736138 0.738703 0.734438 0.733605 0.732323 0.647554 0.733595 0.757311 0.746748 0.756569 0.751665 0.743052 0.625144 0.747329 0.762173 0.744249 0.741419 0.748028 0.754481 0.752386 0.759418 0.75491 0.740129 0.753897 0.744463 0.0181499 0.761373 0.743445 0.756204 0.737418 0.750883 0.755885 0.761948 0.766272 0.755132 0.755499 0.746505 0.747017 0.763624 0.74972 0.738106 0.629686 0.742028 0.749553 0.76671 0.747012 0.782337 0.739898 0.734909 0.742267 0.742716 0.747706 0.636302 0.747162 0.748621 0.746184 0.746013 0.761373 0.0181499 0.735981 0.746151 0.743113 0.737605 0.749339 0.757181 0.607823 0.734809 0.750612 0.751965 0.73389 0.750304 0.611073 0.735884 0.749713 0.756139 0.755613 0.753332 0.74441 0.744125 0.744159 0.751593 0.747972 0.759883 0.756775 0.770398 0.778308 0.599457 0.750597 0.743237 0.743445 0.735981 0.0181499 0.73478 0.746111 0.762823 0.747143 0.802182 0.75451 0.753953 0.646572 0.736512 0.751124 0.751279 0.746225 0.618939 0.747733 0.731272 0.737173 0.753659 0.756362 0.739189 0.63866 0.65021 0.755377 0.7386 0.752794 0.744088 0.742615 0.742093 0.645182 0.648696 0.756204 0.746151 0.73478 0.0181499 0.642403 0.737193 0.626736 0.734377 0.747506 0.739905 0.734757 0.731177 0.656416 0.741299 0.746749 0.635558 0.768338 0.738964 0.747709 0.75121 0.74842 0.739396 0.656628 0.645736 0.752412 0.73413 0.74541 0.73533 0.734389 0.748183 0.643153 0.641762 0.737418 0.743113 0.746111 0.642403 0.0181499 0.734856 0.637003 0.741419 0.750337 0.733977 0.732903 0.732877 0.644367 0.740971 0.759654 0.736209 0.738151 0.643129 0.740786 0.740626 0.738513 0.732058 0.73416 0.741083 0.734828 0.754153 0.64771 0.741734 0.739464 0.753923 0.746626 0.747592 0.750883 0.737605 0.762823 0.737193 0.734856 0.0181499 0.74822 0.751385 0.753145 0.75146 0.730309 0.734631 0.732416 0.73415 0.760614 0.638168 0.750907 0.775272 0.749453 0.759139 0.771315 0.744661 0.652928 0.640743 0.750502 0.743809 0.761116 0.745944 0.764463 0.759667 0.634382 0.642176 0.755885 0.749339 0.747143 0.626736 0.637003 0.74822 0.0181499 0.740344 0.751104 0.748432 0.736615 0.757524 0.653205 0.734954 0.762092 0.730609 0.769459 0.762843 0.763331 0.764407 0.733311 0.75034 0.733037 0.752889 0.756113 0.743962 0.75327 0.782071 0.619317 0.771058 0.768317 0.736138 0.761948 0.757181 0.802182 0.734377 0.741419 0.751385 0.740344 0.0181499 0.767785 0.753142 0.75654 0.74227 0.74185 0.751981 0.779356 0.745519 0.610213 0.74671 0.759077 0.800767 0.75892 0.787201 0.735239 0.741359 0.762238 0.7508 0.758619 0.609686 0.751568 0.758675 0.756878 0.738703 0.766272 0.607823 0.75451 0.747506 0.750337 0.753145 0.751104 0.767785 0.0181499 0.745255 0.748728 0.751936 0.737864 0.761562 0.749212 0.737113 0.746421 0.751777 0.741362 0.740016 0.745946 0.733838 0.73035 0.771438 0.748516 0.748492 0.736266 0.746542 0.749169 0.760621 0.760227 0.734438 0.755132 0.734809 0.753953 0.739905 0.733977 0.75146 0.748432 0.753142 0.745255 0.0181499 0.749929 0.732909 0.748433 0.740512 0.642989 0.736843 0.76701 0.749024 0.77599 0.754505 0.746308 0.756111 0.735407 0.73958 0.753102 0.744147 0.739302 0.765246 0.74848 0.632019 0.75757 0.733605 0.755499 0.750612 0.646572 0.734757 0.732903 0.730309 0.736615 0.75654 0.748728 0.749929 0.0181499 0.745813 0.737878 0.751752 0.758902 0.726581 0.755833 0.749444 0.758979 0.752076 0.764221 0.745395 0.737896 0.734065 0.740615 0.740348 0.759032 0.747719 0.750817 0.749105 0.746463 0.732323 0.746505 0.751965 0.736512 0.731177 0.732877 0.734631 0.757524 0.74227 0.751936 0.732909 0.745813 0.0181499 0.737572 0.752189 0.751713 0.646946 0.744117 0.731919 0.74901 0.748712 0.739054 0.741599 0.648874 0.648728 0.740727 0.733717 0.728968 0.736984 0.734143 0.739827 0.642983 0.647554 0.747017 0.73389 0.751124 0.656416 0.644367 0.732416 0.653205 0.74185 0.737864 0.748433 0.737878 0.737572 0.0181499 0.75306 0.761931 0.738122 0.764107 0.735197 0.749345 0.763258 0.616518 0.755843 0.743574 0.737321 0.616051 0.633219 0.756202 0.78074 0.752292 0.747039 0.735806 0.733595 0.763624 0.750304 0.751279 0.741299 0.740971 0.73415 0.734954 0.751981 0.761562 0.740512 0.751752 0.752189 0.75306 0.0181499 