0 38.1449 30.5999 42.773 28.3899 28.1003 31.6547 38.6734 41.4584 31.9888 31.8826 28.6587 31.2291 21.5025 25.5177 32.1442 33.601 40.4592 31.1396 35.3254 22.3246 37.6549 37.2865 30.0403 29.6119 28.9756 23.1587 35.6459 37.8483 30.3845 34.1214 29.0437 38.1449 0 40.3849 52.1241 41.1071 30.9221 40.4506 49.4796 49.2758 41.3227 41.8238 51.5624 46.9814 49.4976 44.2905 40.9528 36.4922 25.0093 37.2868 44.4633 46.7774 24.912 32.6988 46.4234 34.3487 53.3688 38.1631 45.4683 45.7502 59.8038 41.2652 44.4478 30.5999 40.3849 0 37.174 27.3204 15.4004 25.4654 24.4006 38.7932 31.9995 29.2219 36.4873 27.5933 22.4239 25.0822 34.0613 28.101 42.7798 31.5044 29.482 35.3301 36.6135 26.5631 44.4186 34.5985 26.1718 22.0716 37.5164 27.042 31.8749 39.2144 28.1512 42.773 52.1241 37.174 0 38.1909 38.4538 43.3971 44.5058 57.1632 40.2311 40.1653 43.3333 38.2626 43.8489 30.4099 29.9991 32.9144 49.0135 34.1497 40.8923 31.7201 52.4412 43.6294 37.9593 24.3141 28.6629 37.3133 34.0844 35.7661 35.499 51.5648 47.5427 28.3899 41.1071 27.3204 38.1909 0 35.0785 30.7116 32.8652 46.829 40.9258 39.3951 41.8636 45.123 26.8729 31.2018 34.3146 23.7443 39.0728 40.0525 35.4301 31.9876 45.4067 36.6294 41.9591 35.4929 28.463 30.3039 41.4576 24.1029 30.3488 35.7748 35.5618 28.1003 30.9221 15.4004 38.4538 35.0785 0 31.0425 22.9325 37.254 35.077 27.3429 36.5262 26.7858 24.0805 29.8785 31.9437 33.8735 38.8739 27.3748 27.1527 33.2018 33.0222 34.4173 42.1013 30.2753 28.0324 18.5337 42.6493 32.5661 33.9108 35.9671 28.4927 31.6547 40.4506 25.4654 43.3971 30.7116 31.0425 0 36.4038 38.2333 44.6264 29.5448 24.6949 29.6164 30.3088 30.6351 33.1261 34.6402 42.2711 36.8868 37.1038 38.9895 31.6078 36.1575 44.0645 25.5488 49.7759 30.3759 37.8541 37.596 28.106 43.544 24.0593 38.6734 49.4796 24.4006 44.5058 32.8652 22.9325 36.4038 0 46.0211 41.1695 34.872 41.0841 35.4503 23.3928 34.0062 40.9797 36.4129 44.028 28.9416 22.3818 39.2079 43.416 43.2215 51.3803 38.7996 34.9416 21.2202 49.1318 31.7341 38.2542 41.2543 31.8697 41.4584 49.2758 38.7932 57.1632 46.829 37.254 38.2333 46.0211 0 58.8483 43.9963 39.7152 34.8192 38.4176 35.4552 37.9356 50.2586 37.8737 39.1129 42.757 39.1821 34.6774 52.747 48.7458 47.7066 50.1188 47.4943 53.7418 47.306 44.6722 43.1514 39.6372 31.9888 41.3227 31.9995 40.2311 40.9258 35.077 44.6264 41.1695 58.8483 0 32.1039 41.0809 40.2946 34.7476 30.9853 38.6581 26.9143 48.9227 41.4089 47.8704 34.1916 44.5576 40.1594 41.6992 36.1376 33.4488 41.4604 25.5085 43.0503 48.8586 43.0027 45.2546 31.8826 41.8238 29.2219 40.1653 39.3951 27.3429 29.5448 34.872 43.9963 32.1039 0 31.9525 28.7387 26.5201 37.9093 29.3492 33.454 46.7535 36.4164 40.6933 36.4532 32.109 33.7185 47.9635 34.8433 31.7333 28.9144 36.0944 33.3293 42.1105 42.0117 23.9009 28.6587 51.5624 36.4873 43.3333 41.8636 36.5262 24.6949 41.0841 39.7152 41.0809 31.9525 0 33.8157 28.5709 35.4182 34.597 45.0915 47.5537 32.5788 40.3243 29.9371 43.9793 48.7808 32.7544 39.4526 39.3343 34.6627 36.1107 39.1908 42.3493 49.2777 31.342 31.2291 46.9814 27.5933 38.2626 45.123 26.7858 29.6164 35.4503 34.8192 40.2946 28.7387 33.8157 0 26.9157 25.0239 27.7396 46.0686 47.0271 33.7334 36.6317 31.4024 33.5018 38.2429 41.9931 29.3928 33.2362 30.516 46.3622 43.3103 30.3243 55.816 31.6881 21.5025 49.4976 22.4239 43.8489 26.8729 24.0805 30.3088 23.3928 38.4176 34.7476 26.5201 28.5709 26.9157 0 23.9144 31.1064 36.2273 48.2353 30.1472 33.1537 25.8529 39.2367 47.3924 41.1399 37.8552 22.4491 21.919 37.4308 27.7054 36.6228 45.6021 22.7916 25.5177 44.2905 25.0822 30.4099 31.2018 29.8785 30.6351 34.0062 35.4552 30.9853 37.9093 35.4182 25.0239 23.9144 0 32.368 33.7803 45.1797 32.3526 37.0005 23.4447 40.4063 48.4739 43.1585 28.0103 25.0502 34.206 35.6735 36.1185 34.6525 48.7654 33.7866 32.1442 40.9528 34.0613 29.9991 34.3146 31.9437 33.1261 40.9797 37.9356 38.6581 29.3492 34.597 27.7396 31.1064 32.368 0 30.9802 31.8654 42.5471 36.0266 19.297 40.8377 36.3134 32.8785 30.0342 25.6333 30.4902 29.6089 30.686 35.714 42.8223 37.0854 33.601 36.4922 28.101 32.9144 23.7443 33.8735 34.6402 36.4129 50.2586 26.9143 33.454 45.0915 46.0686 36.2273 33.7803 30.9802 0 37.7617 32.8927 37.684 34.7855 39.6723 37.9792 37.3722 32.0033 26.5707 31.3516 29.7829 31.0142 37.4868 37.8434 46.8629 40.4592 25.0093 42.7798 49.0135 39.0728 38.8739 42.2711 44.028 37.8737 48.9227 46.7535 47.5537 47.0271 48.2353 45.1797 31.8654 37.7617 0 38.9491 37.8065 39.9042 42.97 36.895 36.7081 37.2117 46.5005 43.8801 48.4163 49.4145 51.0331 41.8431 49.4269 31.1396 37.2868 31.5044 34.1497 40.0525 27.3748 36.8868 28.9416 39.1129 41.4089 36.4164 32.5788 33.7334 30.1472 32.3526 42.5471 32.8927 38.9491 0 29.2816 39.7387 31.6872 45.1553 34.6125 31.8485 29.0364 27.3155 32.2363 32.046 37.4571 37.1006 28.3446 35.3254 44.4633 29.482 40.8923 35.4301 27.1527 37.1038 22.3818 42.757 47.8704 40.6933 40.3243 36.6317 33.1537 37.0005 36.0266 37.684 37.8065 29.2816 0 46.6712 37.7073 40.0033 44.9651 35.5656 31.2027 21.3947 47.985 34.7761 33.9748 49.0687 34.964 22.3246 46.7774 35.3301 31.7201 31.9876 33.2018 38.9895 39.2079 39.1821 34.1916 36.4532 29.9371 31.4024 25.8529 23.4447 19.297 34.7855 39.9042 39.7387 46.6712 0 48.0183 37.7359 28.671 37.0136 18.2919 32.5633 32.8625 40.917 46.099 34.4685 34.3763 37.6549 24.912 36.6135 52.4412 45.4067 33.0222 31.6078 43.416 34.6774 44.5576 32.109 43.9793 33.5018 39.2367 40.4063 40.8377 39.6723 42.97 31.6872 37.7073 48.0183 0 37.3869 45.3856 28.0808 48.4889 36.7663 42.7509 48.0453 52.5713 52.4306 41.5119 37.2865 32.6988 26.5631 43.6294 36.6294 34.4173 36.1575 43.2215 52.747 40.1594 33.7185 48.7808 38.2429 47.3924 48.4739 36.3134 37.9792 36.895 45.1553 40.0033 37.7359 37.3869 0 47.9316 33.5934 41.4089 34.944 48.9642 50.2878 50.3208 38.9752 41.797 30.0403 46.4234 44.4186 37.9593 41.9591 42.1013 44.0645 51.3803 48.7458 41.6992 47.9635 32.7544 41.9931 41.1399 43.1585 32.8785 37.3722 36.7081 34.6125 44.9651 28.671 45.3856 47.9316 0 36.2889 34.3137 33.3058 34.2696 53.8008 48.1919 50.9123 48.7571 29.6119 34.3487 34.5985 24.3141 35.4929 30.2753 25.5488 38.7996 47.7066 36.1376 34.8433 39.4526 29.3928 37.8552 28.0103 30.0342 32.0033 37.2117 31.8485 35.5656 37.0136 28.0808 33.5934 36.2889 0 42.353 34.4806 36.1499 45.9903 31.0363 48.0519 47.8184 28.9756 53.3688 26.1718 28.6629 28.463 28.0324 49.7759 34.9416 50.1188 33.4488 31.7333 39.3343 33.2362 22.4491 25.0502 25.6333 26.5707 46.5005 29.0364 31.2027 18.2919 48.4889 41.4089 34.3137 42.353 0 26.7606 33.3071 31.5188 40.6904 41.042 33.9655 23.1587 38.1631 22.0716 37.3133 30.3039 18.5337 30.3759 21.2202 47.4943 41.4604 28.9144 34.6627 30.516 21.919 34.206 30.4902 31.3516 43.8801 27.3155 21.3947 32.5633 36.7663 34.944 33.3058 34.4806 26.7606 0 38.3566 35.9567 33.9919 44.7039 29.2006 35.6459 45.4683 37.5164 34.0844 41.4576 42.6493 37.8541 49.1318 53.7418 25.5085 36.0944 36.1107 46.3622 37.4308 35.6735 29.6089 29.7829 48.4163 32.2363 47.985 32.8625 42.7509 48.9642 34.2696 36.1499 33.3071 38.3566 0 35.1951 50.2804 36.1487 42.2022 37.8483 45.7502 27.042 35.7661 24.1029 32.5661 37.596 31.7341 47.306 43.0503 33.3293 39.1908 43.3103 27.7054 36.1185 30.686 31.0142 49.4145 32.046 34.7761 40.917 48.0453 50.2878 53.8008 45.9903 31.5188 35.9567 35.1951 0 37.9499 44.6901 34.0985 30.3845 59.8038 31.8749 35.499 30.3488 33.9108 28.106 38.2542 44.6722 48.8586 42.1105 42.3493 30.3243 36.6228 34.6525 35.714 37.4868 51.0331 37.4571 33.9748 46.099 52.5713 50.3208 48.1919 31.0363 40.6904 33.9919 50.2804 37.9499 0 44.9988 33.8457 34.1214 41.2652 39.2144 51.5648 35.7748 35.9671 43.544 41.2543 43.1514 43.0027 42.0117 49.2777 55.816 45.6021 48.7654 42.8223 37.8434 41.8431 37.1006 49.0687 34.4685 52.4306 38.9752 50.9123 48.0519 41.042 44.7039 36.1487 44.6901 44.9988 0 33.3532 29.0437 44.4478 28.1512 47.5427 35.5618 28.4927 24.0593 31.8697 39.6372 45.2546 23.9009 31.342 31.6881 22.7916 33.7866 37.0854 46.8629 49.4269 28.3446 34.964 34.3763 41.5119 41.797 48.7571 47.8184 33.9655 29.2006 42.2022 34.0985 33.8457 33.3532 0 